0 0.1296875 0.4828125 0.06875 0.03125
0 0.12890625 0.4515625 0.0609375 0.0234375
0 0.12890625 0.4203125 0.046875 0.03125
0 0.13359375 0.39140625 0.053125 0.028125
0 0.1375 0.36328125 0.05 0.028125
0 0.203125 0.3484375 0.05625 0.0421875
0 0.2625 0.35546875 0.065625 0.0375
0 0.284375 0.390625 0.0578125 0.040625
0 0.24375 0.42109375 0.0578125 0.04375
0 0.17890625 0.4265625 0.04375 0.0375
1 0.40703125 0.35625 0.05 0.0359375
1 0.38828125 0.3859375 0.0640625 0.0390625
1 0.39921875 0.42421875 0.071875 0.040625
1 0.44453125 0.4640625 0.08125 0.04375
1 0.52109375 0.4609375 0.0578125 0.046875
1 0.56171875 0.4203125 0.071875 0.034375
1 0.56640625 0.38359375 0.06875 0.028125
1 0.5515625 0.35546875 0.0625 0.03125
3 0.6671875 0.34453125 0.06875 0.0375
3 0.7296875 0.3390625 0.053125 0.03125
3 0.7875 0.34765625 0.05 0.03125
3 0.83984375 0.34140625 0.0578125 0.046875
3 0.76328125 0.3734375 0.065625 0.040625
3 0.76015625 0.41015625 0.053125 0.028125
3 0.7578125 0.43984375 0.0625 0.03125
3 0.75703125 0.4703125 0.0640625 0.034375