0 0.0671875 0.50546875 0.075 0.034375
0 0.06640625 0.4703125 0.06875 0.0265625
0 0.06640625 0.43515625 0.053125 0.034375
0 0.071875 0.403125 0.059375 0.03125
0 0.07578125 0.371875 0.05625 0.03125
0 0.15 0.3546875 0.0625 0.046875
0 0.21640625 0.3625 0.075 0.0421875
0 0.24140625 0.40234375 0.065625 0.0453125
0 0.19609375 0.4359375 0.065625 0.05
0 0.12265625 0.4421875 0.05 0.0421875
1 0.378125 0.36328125 0.05625 0.040625
1 0.35703125 0.39609375 0.071875 0.04375
1 0.36953125 0.43984375 0.08125 0.0453125
1 0.42109375 0.48515625 0.090625 0.05
1 0.50703125 0.48125 0.065625 0.0515625
1 0.55234375 0.43515625 0.08125 0.0375
1 0.55703125 0.39453125 0.078125 0.03125
1 0.540625 0.3625 0.0703125 0.0359375
3 0.6703125 0.35078125 0.075 0.0421875
3 0.740625 0.34375 0.0609375 0.0359375
3 0.80546875 0.35390625 0.05625 0.0359375
3 0.8640625 0.346875 0.065625 0.0515625
3 0.77890625 0.3828125 0.075 0.0453125
3 0.775 0.42421875 0.0609375 0.03125
3 0.771875 0.45703125 0.0703125 0.034375
3 0.77109375 0.49140625 0.071875 0.0375