0 0.1234375 0.6359375 0.0765625 0.034375
0 0.12265625 0.67109375 0.06875 0.0265625
0 0.12265625 0.70546875 0.053125 0.034375
0 0.128125 0.7375 0.059375 0.03125
0 0.13203125 0.76875 0.0546875 0.0328125
0 0.20546875 0.7859375 0.0625 0.046875
0 0.271875 0.778125 0.0734375 0.040625
0 0.29609375 0.7390625 0.0640625 0.0453125
0 0.25078125 0.7046875 0.0640625 0.05
0 0.178125 0.69921875 0.05 0.040625
1 0.43203125 0.77734375 0.0546875 0.040625
1 0.4109375 0.74453125 0.071875 0.04375
1 0.4234375 0.70078125 0.08125 0.0453125
1 0.47421875 0.65625 0.090625 0.05
1 0.559375 0.66015625 0.0640625 0.05
1 0.6046875 0.70546875 0.08125 0.0375
1 0.609375 0.74609375 0.078125 0.03125
1 0.59375 0.778125 0.06875 0.0359375
3 0.721875 0.78984375 0.075 0.040625
3 0.79140625 0.79609375 0.059375 0.0359375
3 0.85546875 0.78671875 0.0546875 0.0359375
3 0.9140625 0.79375 0.0640625 0.0515625
3 0.82890625 0.7578125 0.0734375 0.0453125
3 0.82578125 0.7171875 0.059375 0.03125
3 0.82265625 0.68359375 0.06875 0.034375
3 0.821875 0.65 0.071875 0.0375