1 0.3140625 0.5546875 0.0671875 0.0421875
1 0.5109375 0.50703125 0.04375 0.0375
1 0.55546875 0.42890625 0.0578125 0.0421875
1 0.646875 0.571875 0.05625 0.046875
1 0.76328125 0.57578125 0.065625 0.05
3 0.5 0.75078125 0.04375 0.040625
3 0.28046875 0.6359375 0.046875 0.04375
3 0.7296875 0.6625 0.053125 0.034375
3 0.54296875 0.5859375 0.034375 0.0421875
3 0.421875 0.56796875 0.034375 0.03125
3 0.23828125 0.52578125 0.04375 0.040625
3 0.3890625 0.47421875 0.05 0.0375
3 0.4921875 0.425 0.04375 0.0421875
3 0.60703125 0.4703125 0.0375 0.0265625
3 0.7171875 0.50234375 0.05 0.04375