1 0.325 0.5 0.0640625 0.040625
1 0.51171875 0.4546875 0.0421875 0.034375
1 0.5546875 0.3796875 0.05625 0.040625
1 0.64140625 0.51640625 0.053125 0.04375
1 0.75234375 0.5203125 0.0625 0.0484375
3 0.5015625 0.68671875 0.0421875 0.0375
3 0.29296875 0.57734375 0.04375 0.0421875
3 0.7203125 0.603125 0.05 0.034375
3 0.54296875 0.53046875 0.034375 0.040625
3 0.42734375 0.5125 0.034375 0.03125
3 0.25234375 0.47265625 0.0421875 0.0375
3 0.39609375 0.4234375 0.046875 0.034375
3 0.49375 0.3765625 0.0421875 0.040625
3 0.60390625 0.41953125 0.034375 0.025
3 0.70859375 0.45078125 0.046875 0.0421875