1 0.63984375 0.49453125 0.06875 0.04375
1 0.44140625 0.54296875 0.04375 0.0375
1 0.3953125 0.62265625 0.059375 0.04375
1 0.30234375 0.4765625 0.05625 0.046875
1 0.18515625 0.4734375 0.065625 0.0515625
3 0.4515625 0.2953125 0.04375 0.040625
3 0.67421875 0.4125 0.046875 0.04375
3 0.21875 0.38515625 0.053125 0.0359375
3 0.4078125 0.4625 0.0359375 0.04375
3 0.53125 0.48125 0.0359375 0.03125
3 0.7171875 0.52421875 0.04375 0.040625
3 0.5640625 0.57578125 0.05 0.0375
3 0.46015625 0.62578125 0.04375 0.04375
3 0.34296875 0.58046875 0.0375 0.0265625
3 0.23125 0.54765625 0.05 0.04375