3 0.8765625 0.7125 0.0890625 0.0515625
3 0.81328125 0.51796875 0.0859375 0.05
3 0.63046875 0.77578125 0.0875 0.0609375
3 0.3515625 0.59609375 0.078125 0.059375
3 0.23203125 0.80078125 0.084375 0.053125
3 0.04375 0.73828125 0.0875 0.0515625
3 0.43359375 0.3078125 0.08125 0.065625
3 0.03125 0.45234375 0.0625 0.0625
0 0.7578125 0.8015625 0.0859375 0.0546875
0 0.5953125 0.51328125 0.0984375 0.053125
0 0.51953125 0.7890625 0.103125 0.071875
0 0.24921875 0.72109375 0.0734375 0.0515625
0 0.1171875 0.51640625 0.0875 0.05
0 0.2 0.4078125 0.096875 0.0640625
1 0.75234375 0.66015625 0.10625 0.05625
1 0.31328125 0.87890625 0.10625 0.0609375
1 0.39609375 0.73828125 0.075 0.0734375
1 0.16640625 0.62265625 0.1125 0.065625