3 0.33828125 0.10546875 0.05 0.0875
3 0.5296875 0.16796875 0.05 0.084375
3 0.27578125 0.3484375 0.059375 0.0859375
3 0.45234375 0.6234375 0.0578125 0.078125
3 0.25078125 0.74140625 0.053125 0.0828125
3 0.31328125 0.93046875 0.05 0.090625
3 0.73671875 0.5421875 0.065625 0.078125
3 0.5953125 0.95234375 0.0625 0.0875
0 0.25 0.22265625 0.053125 0.084375
0 0.534375 0.3828125 0.053125 0.096875
0 0.2625 0.4578125 0.0703125 0.103125
0 0.32890625 0.72421875 0.05 0.071875
0 0.53203125 0.8546875 0.05 0.0859375
0 0.63828125 0.77265625 0.0625 0.0953125
1 0.38984375 0.228125 0.0546875 0.10625
1 0.17421875 0.6609375 0.059375 0.10625
1 0.3125 0.57890625 0.071875 0.075
1 0.4265625 0.80625 0.065625 0.1109375
1 0.44140625 0.98046875 0.078125 0.0390625