3 0.9203125 0.621875 0.0953125 0.05625
3 0.85234375 0.4140625 0.090625 0.053125
3 0.6578125 0.6890625 0.09375 0.065625
3 0.3609375 0.4984375 0.084375 0.0625
3 0.23359375 0.715625 0.0890625 0.05625
3 0.03984375 0.64921875 0.0796875 0.05625
3 0.4484375 0.19140625 0.0859375 0.0703125
3 0.0265625 0.3453125 0.053125 0.065625
0 0.79375 0.71640625 0.090625 0.05625
0 0.62109375 0.409375 0.1046875 0.05625
0 0.53984375 0.703125 0.109375 0.075
0 0.2515625 0.63125 0.078125 0.05625
0 0.1109375 0.4125 0.09375 0.053125
0 0.2 0.29765625 0.103125 0.06875
1 0.78828125 0.565625 0.1140625 0.059375
1 0.3203125 0.7984375 0.1140625 0.065625
1 0.40859375 0.64921875 0.0796875 0.078125
1 0.16328125 0.52578125 0.11875 0.0703125