1 0.74765625 0.50625 0.078125 0.04375
1 0.4609375 0.45546875 0.0546875 0.0578125
1 0.4 0.3484375 0.065625 0.0515625
0 0.746875 0.40234375 0.05625 0.046875
0 0.559375 0.41875 0.075 0.046875
0 0.34765625 0.46875 0.0515625 0.0390625
0 0.61328125 0.6390625 0.0546875 0.040625
0 0.26640625 0.6515625 0.053125 0.0578125
2 0.69140625 0.73671875 0.0578125 0.059375
2 0.471875 0.70078125 0.05625 0.05
2 0.51171875 0.6015625 0.0625 0.0515625
2 0.3265625 0.60546875 0.0625 0.046875
2 0.5640625 0.53046875 0.065625 0.053125
2 0.74453125 0.553125 0.05625 0.046875
2 0.7234375 0.4640625 0.0546875 0.0375
2 0.42578125 0.51171875 0.05 0.0390625
2 0.25390625 0.4890625 0.05 0.04375
3 0.42578125 0.56640625 0.059375 0.053125
3 0.64765625 0.428125 0.059375 0.0515625
3 0.33203125 0.40625 0.046875 0.04375
3 0.1765625 0.453125 0.0625 0.065625