1 0.3078125 0.52734375 0.0875 0.05
1 0.62421875 0.5828125 0.059375 0.0640625
1 0.69140625 0.7015625 0.071875 0.05625
0 0.30859375 0.64140625 0.0625 0.053125
0 0.51484375 0.6234375 0.0828125 0.05
0 0.75 0.56875 0.05625 0.04375
0 0.45546875 0.38046875 0.059375 0.0453125
0 0.83984375 0.36640625 0.059375 0.0640625
2 0.36953125 0.27265625 0.0640625 0.065625
2 0.6125 0.3125 0.0625 0.0546875
2 0.56796875 0.421875 0.06875 0.05625
2 0.77265625 0.4171875 0.06875 0.05
2 0.51015625 0.5 0.071875 0.059375
2 0.31015625 0.47578125 0.0625 0.05
2 0.33359375 0.5734375 0.059375 0.040625
2 0.66328125 0.52109375 0.0546875 0.04375
2 0.853125 0.54609375 0.0546875 0.046875
3 0.66328125 0.46015625 0.065625 0.059375
3 0.41796875 0.61328125 0.065625 0.05625
3 0.7671875 0.6375 0.05 0.05
3 0.9390625 0.5859375 0.06875 0.071875