1 0.24140625 0.46640625 0.0875 0.05
1 0.56328125 0.41015625 0.0609375 0.065625
1 0.63125 0.2890625 0.071875 0.0578125
0 0.2421875 0.35078125 0.0625 0.053125
0 0.45234375 0.36875 0.084375 0.0515625
0 0.690625 0.42421875 0.0578125 0.04375
0 0.39140625 0.615625 0.0609375 0.046875
0 0.78125 0.63046875 0.059375 0.065625
2 0.3046875 0.725 0.065625 0.0671875
2 0.55078125 0.68515625 0.0625 0.05625
2 0.50546875 0.5734375 0.071875 0.0578125
2 0.71328125 0.57890625 0.06875 0.0515625
2 0.44765625 0.49453125 0.071875 0.059375
2 0.24453125 0.51953125 0.0625 0.0515625
2 0.26796875 0.41953125 0.0609375 0.0421875
2 0.60234375 0.4734375 0.05625 0.04375
2 0.7953125 0.44765625 0.05625 0.046875
3 0.60234375 0.534375 0.0671875 0.059375
3 0.353125 0.3796875 0.0671875 0.0578125
3 0.7078125 0.3546875 0.0515625 0.05
3 0.88203125 0.40703125 0.06875 0.0734375