3 0.75 0.29921875 0.084375 0.0546875
3 0.44453125 0.6546875 0.075 0.053125
3 0.53671875 0.54140625 0.05625 0.034375
3 0.32421875 0.43515625 0.078125 0.046875
0 0.175 0.54765625 0.075 0.0625
0 0.45625 0.515625 0.0578125 0.05
0 0.56015625 0.3515625 0.09375 0.0578125
0 0.61328125 0.2015625 0.084375 0.0578125
0 0.40390625 0.32890625 0.0703125 0.046875
2 0.40546875 0.5859375 0.0828125 0.0421875
2 0.24765625 0.50703125 0.065625 0.053125
2 0.409375 0.44453125 0.071875 0.0390625
2 0.13359375 0.3953125 0.090625 0.053125
2 0.2078125 0.29921875 0.075 0.05
2 0.39609375 0.18046875 0.0703125 0.046875
1 0.48203125 0.18671875 0.0859375 0.0671875
1 0.4921875 0.42421875 0.075 0.05
1 0.590625 0.51640625 0.078125 0.05