3 0.25078125 0.7453125 0.059375 0.090625
3 0.63203125 0.41796875 0.05625 0.078125
3 0.51015625 0.5171875 0.0375 0.059375
3 0.39609375 0.2890625 0.05 0.0828125
0 0.5171875 0.12890625 0.06875 0.078125
0 0.4828125 0.43046875 0.053125 0.0625
0 0.30625 0.54140625 0.0625 0.1
0 0.14609375 0.59921875 0.0625 0.090625
0 0.2828125 0.37421875 0.05 0.075
2 0.55859375 0.3765625 0.0453125 0.0890625
2 0.4734375 0.20625 0.05625 0.06875
2 0.40625 0.38046875 0.040625 0.078125
2 0.35390625 0.08515625 0.05625 0.096875
2 0.25078125 0.1640625 0.053125 0.078125
2 0.1234375 0.36640625 0.05 0.0765625
1 0.13046875 0.45859375 0.071875 0.0921875
1 0.38515625 0.46875 0.053125 0.078125
1 0.48359375 0.57421875 0.0546875 0.084375