3 0.37265625 0.7765625 0.05625 0.0875
3 0.7453125 0.45703125 0.05625 0.078125
3 0.6265625 0.553125 0.0375 0.059375
3 0.51484375 0.33046875 0.046875 0.08125
0 0.6328125 0.17421875 0.0671875 0.078125
0 0.6 0.46875 0.0515625 0.0609375
0 0.42734375 0.57734375 0.0609375 0.096875
0 0.2703125 0.63359375 0.0609375 0.0875
0 0.40390625 0.4140625 0.05 0.0734375
2 0.6734375 0.41640625 0.04375 0.0875
2 0.590625 0.25 0.05625 0.06875
2 0.525 0.41953125 0.040625 0.075
2 0.4734375 0.13125 0.05625 0.09375
2 0.37265625 0.20859375 0.0515625 0.078125
2 0.2484375 0.40625 0.046875 0.0734375
1 0.2546875 0.49609375 0.0703125 0.090625
1 0.50390625 0.50625 0.0515625 0.078125
1 0.60078125 0.61015625 0.053125 0.0828125