2 0.39921875 0.440625 0.05 0.06875
2 0.30703125 0.2625 0.040625 0.071875
2 0.16484375 0.3734375 0.06875 0.0859375
2 0.346875 0.70546875 0.04375 0.0609375
2 0.265625 0.69921875 0.0515625 0.06875
2 0.29453125 0.75703125 0.04375 0.071875
0 0.4453125 0.7515625 0.0578125 0.078125
0 0.55234375 0.6328125 0.05 0.075
0 0.39921875 0.20703125 0.0421875 0.08125
0 0.2515625 0.46796875 0.053125 0.0890625
0 0.190625 0.6484375 0.0546875 0.103125
1 0.61796875 0.55 0.0609375 0.084375
1 0.39921875 0.6015625 0.0578125 0.0875
1 0.39140625 0.525 0.065625 0.0625
3 0.65859375 0.33359375 0.08125 0.0875
3 0.4546875 0.3453125 0.04375 0.071875
3 0.3734375 0.2796875 0.040625 0.06875
3 0.29296875 0.3296875 0.04375 0.0625