2 0.5125 0.4625 0.071875 0.0515625
2 0.32578125 0.365625 0.075 0.0421875
2 0.4421875 0.2171875 0.090625 0.071875
2 0.790625 0.4078125 0.0640625 0.046875
2 0.78359375 0.32265625 0.071875 0.053125
2 0.84453125 0.35234375 0.075 0.046875
0 0.8390625 0.51015625 0.08125 0.059375
0 0.7140625 0.62265625 0.078125 0.0515625
0 0.26796875 0.4625 0.084375 0.04375
0 0.54140625 0.3078125 0.09375 0.05625
0 0.73046875 0.24375 0.1078125 0.05625
1 0.62734375 0.69140625 0.0875 0.0640625
1 0.68125 0.4625 0.090625 0.059375
1 0.6015625 0.45390625 0.065625 0.06875
3 0.40078125 0.73359375 0.090625 0.084375
3 0.41328125 0.5203125 0.075 0.046875
3 0.34453125 0.43515625 0.071875 0.0421875
3 0.396875 0.35078125 0.065625 0.046875