2 0.52890625 0.3765625 0.075 0.053125
2 0.72421875 0.275 0.078125 0.04375
2 0.60234375 0.11953125 0.09375 0.075
2 0.23828125 0.31875 0.0671875 0.046875
2 0.2453125 0.2296875 0.075 0.05625
2 0.18203125 0.26171875 0.078125 0.046875
0 0.1875 0.4265625 0.0859375 0.0625
0 0.31796875 0.54375 0.08125 0.053125
0 0.784375 0.3765625 0.0875 0.046875
0 0.49921875 0.21484375 0.096875 0.059375
0 0.30078125 0.14765625 0.1125 0.059375
1 0.409375 0.615625 0.0921875 0.0671875
1 0.35234375 0.3765625 0.096875 0.0625
1 0.4359375 0.36796875 0.06875 0.071875
3 0.6453125 0.66015625 0.096875 0.0875
3 0.6328125 0.43671875 0.078125 0.046875
3 0.7046875 0.34765625 0.075 0.04375
3 0.65 0.259375 0.06875 0.046875