3 0.5953125 0.61328125 0.0375 0.03125
3 0.384375 0.4140625 0.040625 0.025
3 0.44609375 0.62578125 0.0375 0.021875
3 0.40859375 0.61796875 0.034375 0.025
1 0.71171875 0.396875 0.053125 0.03125
1 0.6390625 0.384375 0.040625 0.034375
1 0.33984375 0.3859375 0.059375 0.0375
0 0.61328125 0.41328125 0.0484375 0.0328125
0 0.690625 0.603125 0.040625 0.034375
0 0.634375 0.59765625 0.040625 0.028125
0 0.49375 0.6390625 0.0453125 0.025
0 0.38125 0.6046875 0.040625 0.021875
2 0.66796875 0.6375 0.034375 0.025
2 0.69140625 0.67734375 0.040625 0.025
2 0.6578125 0.696875 0.0375 0.0296875
2 0.46640625 0.59921875 0.0375 0.028125
2 0.478125 0.6609375 0.0515625 0.025
2 0.42265625 0.640625 0.034375 0.021875