3 0.45 0.5578125 0.0390625 0.034375
3 0.675 0.34609375 0.0421875 0.028125
3 0.60859375 0.57109375 0.040625 0.025
3 0.64921875 0.5625 0.0375 0.028125
1 0.32578125 0.32734375 0.05625 0.034375
1 0.403125 0.31328125 0.04375 0.0375
1 0.72265625 0.315625 0.0625 0.0390625
0 0.43046875 0.3453125 0.0515625 0.034375
0 0.3484375 0.546875 0.04375 0.0375
0 0.40859375 0.54140625 0.04375 0.0296875
0 0.5578125 0.5859375 0.046875 0.028125
0 0.678125 0.54921875 0.0421875 0.025
2 0.37265625 0.58359375 0.0375 0.028125
2 0.34765625 0.6265625 0.0421875 0.025
2 0.38359375 0.64765625 0.040625 0.03125
2 0.5875 0.54296875 0.040625 0.0296875
2 0.575 0.60859375 0.05625 0.025
2 0.63359375 0.5875 0.0375 0.021875