3 0.43515625 0.41953125 0.03125 0.0375
3 0.63984375 0.6375 0.0265625 0.040625
3 0.42265625 0.5734375 0.0234375 0.0390625
3 0.43046875 0.6125 0.0265625 0.0359375
1 0.6578125 0.29921875 0.03125 0.05625
1 0.67109375 0.37421875 0.0359375 0.04375
1 0.66953125 0.6828125 0.0375 0.0609375
0 0.64140625 0.40078125 0.034375 0.05
0 0.4453125 0.32109375 0.0359375 0.04375
0 0.45078125 0.3796875 0.028125 0.04375
0 0.4078125 0.52421875 0.0265625 0.046875
0 0.44375 0.63984375 0.0234375 0.040625
2 0.41015625 0.34453125 0.0265625 0.0359375
2 0.36875 0.3203125 0.025 0.040625
2 0.3484375 0.35546875 0.03125 0.0390625
2 0.44921875 0.55234375 0.028125 0.0390625
2 0.3859375 0.53984375 0.025 0.053125
2 0.40625 0.59765625 0.021875 0.0359375