0 0.49921875 0.8640625 0.065625 0.065625
0 0.50625 0.76171875 0.053125 0.08125
0 0.42421875 0.48671875 0.046875 0.0921875
0 0.67734375 0.62890625 0.065625 0.1015625
0 0.603125 0.28203125 0.06875 0.1140625
0 0.47265625 0.1953125 0.05625 0.090625
2 0.7140625 0.884375 0.0625 0.084375
2 0.58359375 0.76015625 0.071875 0.0828125
2 0.35625 0.8640625 0.05 0.0796875
2 0.434375 0.82578125 0.0515625 0.0921875
2 0.31640625 0.8015625 0.065625 0.065625
2 0.33359375 0.50078125 0.05625 0.0921875
2 0.5140625 0.4609375 0.0625 0.0875
2 0.33359375 0.35234375 0.0609375 0.0796875
3 0.47578125 0.684375 0.05625 0.071875
3 0.7546875 0.615625 0.05625 0.08125
3 0.6890625 0.4078125 0.0515625 0.065625
3 0.47890625 0.36875 0.046875 0.0609375
3 0.44453125 0.3234375 0.05625 0.071875