0 0.64609375 0.840625 0.0640625 0.065625
0 0.6390625 0.73984375 0.053125 0.0796875
0 0.7203125 0.46875 0.0453125 0.090625
0 0.47109375 0.609375 0.0625 0.1
0 0.54375 0.2671875 0.0671875 0.1125
0 0.67265625 0.18203125 0.05625 0.0890625
2 0.434375 0.8609375 0.0625 0.084375
2 0.5625 0.73828125 0.071875 0.08125
2 0.7875 0.840625 0.05 0.078125
2 0.71015625 0.80234375 0.05 0.090625
2 0.8265625 0.77890625 0.0625 0.065625
2 0.809375 0.4828125 0.0546875 0.090625
2 0.63203125 0.44375 0.0625 0.0875
2 0.809375 0.33671875 0.059375 0.078125
3 0.66875 0.66328125 0.05625 0.071875
3 0.39453125 0.5953125 0.0546875 0.0796875
3 0.459375 0.390625 0.05 0.065625
3 0.66640625 0.35234375 0.046875 0.059375
3 0.7 0.3078125 0.0546875 0.071875