0 0.57109375 0.19609375 0.0625 0.0625
0 0.5640625 0.29375 0.05 0.078125
0 0.64296875 0.55625 0.04375 0.0875
0 0.4015625 0.42109375 0.0625 0.096875
0 0.471875 0.7515625 0.065625 0.109375
0 0.596875 0.834375 0.0546875 0.0859375
2 0.36640625 0.1765625 0.059375 0.08125
2 0.490625 0.29609375 0.06875 0.078125
2 0.7078125 0.19609375 0.046875 0.075
2 0.6328125 0.23359375 0.05 0.0875
2 0.7453125 0.25625 0.0625 0.0625
2 0.72890625 0.54296875 0.053125 0.0875
2 0.55703125 0.58125 0.059375 0.084375
2 0.72890625 0.68515625 0.0578125 0.075
3 0.59296875 0.36796875 0.0546875 0.06875
3 0.32734375 0.43359375 0.053125 0.078125
3 0.38984375 0.63203125 0.05 0.0625
3 0.590625 0.66875 0.046875 0.0578125
3 0.6234375 0.7125 0.053125 0.06875