2 0.2984375 0.396875 0.078125 0.040625
2 0.29453125 0.528125 0.065625 0.05
2 0.365625 0.49765625 0.0890625 0.04375
2 0.41875 0.41328125 0.0515625 0.0359375
2 0.46328125 0.38984375 0.046875 0.046875
2 0.45625 0.51796875 0.0703125 0.040625
2 0.5515625 0.48515625 0.075 0.040625
2 0.6328125 0.5140625 0.065625 0.0375
0 0.2671875 0.44921875 0.078125 0.040625
0 0.346875 0.5375 0.0484375 0.0375
0 0.54140625 0.43671875 0.084375 0.040625
0 0.62734375 0.384375 0.0703125 0.034375
0 0.6671875 0.421875 0.075 0.0359375
0 0.67265625 0.47578125 0.08125 0.034375