2 0.57109375 0.31015625 0.040625 0.08125
2 0.43515625 0.30625 0.0515625 0.06875
2 0.4671875 0.38046875 0.04375 0.09375
2 0.5546875 0.43515625 0.0375 0.053125
2 0.57890625 0.48125 0.0484375 0.0484375
2 0.4453125 0.47421875 0.04375 0.0734375
2 0.4796875 0.5734375 0.040625 0.0765625
2 0.45 0.6578125 0.0390625 0.06875
0 0.5171875 0.27734375 0.04375 0.08125
0 0.425 0.3609375 0.0390625 0.05
0 0.53046875 0.5625 0.040625 0.0875
0 0.58515625 0.6515625 0.0359375 0.0734375
0 0.5453125 0.69375 0.0375 0.0765625
0 0.4890625 0.69921875 0.0359375 0.084375