2 0.68828125 0.62890625 0.08125 0.040625
2 0.6921875 0.4921875 0.06875 0.0515625
2 0.61796875 0.52421875 0.09375 0.04375
2 0.56328125 0.61171875 0.053125 0.0375
2 0.5171875 0.6359375 0.0484375 0.0484375
2 0.52421875 0.50234375 0.0734375 0.04375
2 0.425 0.53671875 0.0765625 0.040625
2 0.33984375 0.50703125 0.06875 0.0390625
0 0.7203125 0.57421875 0.08125 0.04375
0 0.6375 0.48203125 0.05 0.0390625
0 0.4359375 0.5875 0.0875 0.040625
0 0.34609375 0.6421875 0.0734375 0.0359375
0 0.3046875 0.60234375 0.0765625 0.0375
0 0.29921875 0.54609375 0.084375 0.0359375