0 0.7359375 0.77890625 0.10625 0.0765625
0 0.85703125 0.8328125 0.109375 0.0671875
0 0.7453125 0.69609375 0.0875 0.0625
0 0.81640625 0.73515625 0.071875 0.059375
0 0.9171875 0.69609375 0.128125 0.08125
0 0.92265625 0.77890625 0.11875 0.05
2 0.14375 0.49140625 0.1078125 0.0671875
2 0.17734375 0.5640625 0.1046875 0.05625
2 0.24453125 0.459375 0.084375 0.065625
2 0.2640625 0.52734375 0.090625 0.0546875
2 0.5546875 0.40859375 0.096875 0.05625
2 0.61640625 0.334375 0.084375 0.053125
2 0.6671875 0.42265625 0.103125 0.084375
2 0.72890625 0.34609375 0.096875 0.0515625