0 0.76875 0.35078125 0.075 0.103125
0 0.8203125 0.2328125 0.065625 0.10625
0 0.68828125 0.34140625 0.059375 0.0859375
0 0.72578125 0.27265625 0.05625 0.0703125
0 0.68828125 0.17421875 0.0796875 0.1234375
0 0.76875 0.16953125 0.0484375 0.115625
2 0.48984375 0.92421875 0.065625 0.1046875
2 0.56015625 0.89140625 0.0546875 0.1015625
2 0.45859375 0.8265625 0.0640625 0.0828125
2 0.525 0.8078125 0.053125 0.0875
2 0.41015625 0.52578125 0.0546875 0.09375
2 0.3375 0.46640625 0.0515625 0.08125
2 0.4234375 0.41640625 0.0828125 0.1
2 0.3484375 0.35703125 0.05 0.09375