0 0.80703125 0.2515625 0.075 0.1046875
0 0.859375 0.13203125 0.065625 0.109375
0 0.725 0.2421875 0.0609375 0.0875
0 0.76328125 0.171875 0.0578125 0.071875
0 0.725 0.07265625 0.08125 0.125
0 0.80703125 0.0671875 0.05 0.1171875
2 0.52265625 0.8359375 0.0671875 0.10625
2 0.59453125 0.80234375 0.05625 0.103125
2 0.49140625 0.7359375 0.065625 0.084375
2 0.55859375 0.71640625 0.053125 0.0890625
2 0.44140625 0.4296875 0.05625 0.09375
2 0.36796875 0.36953125 0.053125 0.08125
2 0.45546875 0.31875 0.084375 0.1015625
2 0.3796875 0.25859375 0.0515625 0.09375