3 0.075 0.66875 0.0515625 0.040625
3 0.13828125 0.52109375 0.0625 0.04375
0 0.23828125 0.38046875 0.05 0.0375
3 0.34140625 0.28671875 0.065625 0.04375
1 0.475 0.275 0.053125 0.04375
1 0.48984375 0.3453125 0.0640625 0.04375
2 0.3 0.41015625 0.0609375 0.05
3 0.41875 0.5234375 0.0640625 0.053125
2 0.32421875 0.6375 0.05625 0.05
3 0.3296875 0.80078125 0.06875 0.05
3 0.5375 0.63125 0.065625 0.05
3 0.68515625 0.57578125 0.059375 0.0515625
3 0.6125 0.42890625 0.0640625 0.0484375
0 0.81953125 0.49921875 0.059375 0.040625
3 0.77265625 0.39375 0.0609375 0.04375
2 0.6578125 0.3515625 0.0625 0.046875
0 0.65234375 0.3078125 0.05625 0.053125