3 0.659375 0.11796875 0.0390625 0.05
3 0.51875 0.178125 0.04375 0.059375
0 0.38359375 0.27421875 0.0359375 0.046875
3 0.29453125 0.371875 0.04375 0.0625
1 0.28359375 0.5 0.04375 0.0515625
1 0.35078125 0.51484375 0.04375 0.0625
2 0.4125 0.3328125 0.046875 0.0578125
3 0.5203125 0.44609375 0.0515625 0.0625
2 0.6296875 0.35546875 0.046875 0.0546875
3 0.7859375 0.3609375 0.046875 0.065625
3 0.6234375 0.559375 0.046875 0.0625
3 0.57109375 0.70078125 0.05 0.05625
3 0.4296875 0.63125 0.046875 0.0625
0 0.49765625 0.8296875 0.0390625 0.05625
3 0.396875 0.784375 0.04375 0.0578125
2 0.35703125 0.675 0.04375 0.059375
0 0.31484375 0.66953125 0.0515625 0.0546875