3 0.87265625 0.35703125 0.0546875 0.04375
3 0.80625 0.5109375 0.065625 0.046875
0 0.7015625 0.659375 0.053125 0.0390625
3 0.59375 0.7578125 0.06875 0.046875
1 0.453125 0.76953125 0.05625 0.046875
1 0.4375 0.6953125 0.0671875 0.046875
2 0.63671875 0.628125 0.0625 0.053125
3 0.5125 0.509375 0.0671875 0.05625
2 0.61171875 0.38984375 0.059375 0.053125
3 0.60546875 0.21796875 0.071875 0.053125
3 0.3875 0.39609375 0.06875 0.053125
3 0.2328125 0.45390625 0.0625 0.0546875
3 0.309375 0.60859375 0.0671875 0.05
0 0.09140625 0.534375 0.0625 0.04375
3 0.14140625 0.6453125 0.0625 0.046875
2 0.2609375 0.6890625 0.065625 0.0484375
0 0.2671875 0.73515625 0.059375 0.05625