3 0.7734375 0.775 0.034375 0.05
3 0.81875 0.61875 0.0390625 0.053125
3 0.7359375 0.54296875 0.028125 0.05
3 0.68984375 0.371875 0.03125 0.0609375
0 0.7296875 0.278125 0.0421875 0.0640625
1 0.60625 0.60078125 0.034375 0.0453125
2 0.60859375 0.6453125 0.034375 0.05
3 0.62890625 0.6703125 0.03125 0.046875
3 0.5609375 0.8796875 0.0390625 0.0671875
3 0.5125 0.71875 0.0375 0.059375
2 0.5125 0.67421875 0.0375 0.0453125
0 0.409375 0.66484375 0.0390625 0.053125
1 0.3125 0.50234375 0.0375 0.0421875
0 0.42265625 0.43359375 0.0390625 0.0640625
3 0.353125 0.39921875 0.05625 0.0640625
3 0.41015625 0.271875 0.04375 0.0640625
1 0.1078125 0.09375 0.0515625 0.0671875