3 0.803125 0.803125 0.0515625 0.034375
3 0.64296875 0.8484375 0.05625 0.040625
3 0.56484375 0.7640625 0.05 0.0296875
3 0.3890625 0.7171875 0.0625 0.0328125
0 0.29296875 0.7578125 0.065625 0.04375
1 0.6234375 0.63125 0.046875 0.034375
2 0.66953125 0.634375 0.0515625 0.034375
3 0.6953125 0.6546875 0.0484375 0.0328125
3 0.91015625 0.58515625 0.06875 0.040625
3 0.74453125 0.53515625 0.0609375 0.0375
2 0.69921875 0.53515625 0.046875 0.0375
0 0.6890625 0.4296875 0.05625 0.040625
1 0.5234375 0.33046875 0.04375 0.0375
0 0.45234375 0.44296875 0.065625 0.040625
3 0.41796875 0.371875 0.065625 0.05625
3 0.2875 0.43046875 0.065625 0.0453125
1 0.1046875 0.12109375 0.06875 0.0515625