3 0.246875 0.11328125 0.05625 0.0375
3 0.41953125 0.0640625 0.059375 0.04375
3 0.503125 0.15546875 0.053125 0.03125
3 0.69140625 0.20546875 0.0671875 0.034375
0 0.79453125 0.16171875 0.0703125 0.046875
1 0.43984375 0.29765625 0.05 0.0375
2 0.390625 0.29453125 0.05625 0.0375
3 0.3625 0.27265625 0.053125 0.034375
3 0.13203125 0.34765625 0.075 0.04375
3 0.309375 0.40078125 0.065625 0.040625
2 0.35859375 0.40078125 0.05 0.040625
0 0.36875 0.5140625 0.059375 0.04375
1 0.54765625 0.62109375 0.046875 0.040625
0 0.6234375 0.5 0.0703125 0.04375
3 0.6609375 0.5765625 0.0703125 0.0625
3 0.80078125 0.51328125 0.0703125 0.0484375
1 0.9796875 0.84609375 0.040625 0.05625