0 0.7578125 0.11640625 0.053125 0.08125
3 0.68828125 0.25546875 0.065625 0.0890625
3 0.67734375 0.48359375 0.06875 0.096875
3 0.52890625 0.4796875 0.065625 0.0734375
0 0.50703125 0.5359375 0.0515625 0.0625
1 0.48203125 0.59140625 0.059375 0.08125
3 0.47109375 0.66796875 0.040625 0.08125
3 0.515625 0.9375 0.059375 0.084375
3 0.27421875 0.859375 0.05625 0.084375
3 0.184375 0.75625 0.05 0.06875
0 0.2296875 0.5796875 0.05 0.0765625
2 0.26015625 0.53515625 0.05625 0.065625
3 0.25859375 0.47265625 0.05625 0.065625
2 0.26328125 0.415625 0.05 0.065625
2 0.3140625 0.41796875 0.0546875 0.06875
1 0.42578125 0.46015625 0.05 0.0734375
3 0.24375 0.0796875 0.0546875 0.0734375