0 0.196875 0.96484375 0.05625 0.0703125
3 0.2703125 0.8265625 0.06875 0.09375
3 0.28203125 0.58515625 0.071875 0.103125
3 0.4390625 0.58984375 0.06875 0.078125
0 0.4625 0.53046875 0.053125 0.065625
1 0.48828125 0.471875 0.0625 0.084375
3 0.5 0.39140625 0.04375 0.084375
3 0.453125 0.10703125 0.0625 0.090625
3 0.7078125 0.18984375 0.059375 0.0875
3 0.80234375 0.2984375 0.053125 0.071875
0 0.7546875 0.484375 0.053125 0.08125
2 0.721875 0.53125 0.059375 0.06875
3 0.72421875 0.596875 0.059375 0.06875
2 0.71875 0.65703125 0.053125 0.0703125
2 0.665625 0.6546875 0.0578125 0.071875
1 0.54765625 0.6109375 0.053125 0.078125
3 0.73828125 0.9859375 0.0578125 0.028125