0 0.9375 0.03203125 0.059375 0.0640625
3 0.859375 0.1734375 0.071875 0.1
3 0.846875 0.4296875 0.0765625 0.109375
3 0.6796875 0.425 0.071875 0.08125
0 0.65546875 0.48828125 0.0578125 0.06875
1 0.62734375 0.55078125 0.0671875 0.090625
3 0.61484375 0.63671875 0.046875 0.090625
3 0.66484375 0.93984375 0.0671875 0.096875
3 0.39375 0.8515625 0.0640625 0.09375
3 0.29296875 0.7359375 0.05625 0.0765625
0 0.34375 0.5375 0.05625 0.0859375
2 0.378125 0.4875 0.0625 0.071875
3 0.3765625 0.41796875 0.0625 0.071875
2 0.38203125 0.353125 0.05625 0.075
2 0.4390625 0.35625 0.0609375 0.0765625
1 0.5640625 0.403125 0.05625 0.08125
3 0.36015625 0.00859375 0.0609375 0.0171875