0 0.62734375 0.13671875 0.0390625 0.0578125
3 0.5859375 0.165625 0.046875 0.0703125
3 0.553125 0.246875 0.04375 0.0625
3 0.5671875 0.4015625 0.04375 0.05625
0 0.6015625 0.4453125 0.04375 0.046875
1 0.590625 0.49140625 0.0328125 0.0515625
3 0.60859375 0.55390625 0.04375 0.0578125
3 0.50078125 0.4625 0.05 0.0703125
1 0.45390625 0.46328125 0.0390625 0.06875
1 0.409375 0.2046875 0.040625 0.065625
1 0.34140625 0.2203125 0.0375 0.05625
2 0.309375 0.515625 0.0390625 0.06875
0 0.31875 0.6328125 0.046875 0.0703125
2 0.29453125 0.7859375 0.059375 0.084375
3 0.42734375 0.81484375 0.046875 0.0625
3 0.46015625 0.84921875 0.04375 0.0625
2 0.5015625 0.8078125 0.046875 0.059375
3 0.50234375 0.75625 0.0328125 0.04375
3 0.528125 0.7203125 0.0390625 0.0515625
0 0.5546875 0.75625 0.04375 0.05625
0 0.58984375 0.72421875 0.04375 0.053125