0 0.3640625 0.03515625 0.0421875 0.0625
3 0.40859375 0.06640625 0.05 0.075
3 0.44453125 0.15390625 0.046875 0.065625
3 0.42890625 0.321875 0.046875 0.0609375
0 0.3921875 0.36875 0.046875 0.05
1 0.40390625 0.41875 0.034375 0.05625
3 0.384375 0.4859375 0.046875 0.0625
3 0.50078125 0.3875 0.053125 0.075
1 0.5515625 0.38828125 0.0421875 0.0734375
1 0.6 0.10859375 0.04375 0.0703125
1 0.6734375 0.12578125 0.040625 0.0609375
2 0.7078125 0.44453125 0.0421875 0.0734375
0 0.69765625 0.571875 0.0515625 0.075
2 0.72421875 0.73671875 0.065625 0.090625
3 0.58046875 0.76875 0.05 0.06875
3 0.5453125 0.80546875 0.046875 0.06875
2 0.5 0.7609375 0.0515625 0.065625
3 0.49921875 0.7046875 0.034375 0.046875
3 0.47109375 0.66640625 0.0421875 0.05625
0 0.44296875 0.7046875 0.046875 0.0609375
0 0.4046875 0.6703125 0.046875 0.05625