0 0.8921875 0.3515625 0.059375 0.040625
3 0.8625 0.39296875 0.071875 0.046875
3 0.78046875 0.42734375 0.0625 0.0453125
3 0.62265625 0.4125 0.05625 0.04375
0 0.578125 0.37734375 0.046875 0.0453125
1 0.53125 0.3890625 0.053125 0.0328125
3 0.46796875 0.3703125 0.059375 0.0453125
3 0.5609375 0.4796875 0.071875 0.05
1 0.56015625 0.528125 0.06875 0.040625
1 0.82265625 0.57265625 0.065625 0.040625
1 0.80703125 0.6421875 0.05625 0.0375
2 0.50703125 0.67421875 0.06875 0.040625
0 0.3875 0.66484375 0.071875 0.0484375
2 0.23203125 0.68984375 0.0859375 0.0609375
3 0.20234375 0.5546875 0.0640625 0.046875
3 0.1671875 0.521875 0.0640625 0.04375
2 0.209375 0.47890625 0.0609375 0.0484375
3 0.2625 0.478125 0.0453125 0.0328125
3 0.2984375 0.45234375 0.053125 0.040625
0 0.2625 0.425 0.05625 0.04375
0 0.29453125 0.38984375 0.053125 0.04375