1 0.21640625 0.54296875 0.071875 0.08125
3 0.37265625 0.48984375 0.0546875 0.08125
0 0.43984375 0.48359375 0.0625 0.090625
2 0.3953125 0.5796875 0.059375 0.078125
3 0.39375 0.64921875 0.05 0.0578125
3 0.3671875 0.7125 0.0578125 0.075
0 0.41328125 0.8203125 0.0546875 0.06875
0 0.44609375 0.77578125 0.05 0.071875
3 0.50078125 0.8109375 0.06875 0.090625
1 0.65078125 0.66875 0.059375 0.0796875
2 0.68359375 0.8421875 0.0515625 0.078125
0 0.7515625 0.79609375 0.05 0.071875
2 0.8625 0.6734375 0.0625 0.0796875
2 0.8921875 0.53515625 0.078125 0.0859375
1 0.8125 0.40546875 0.0578125 0.075
1 0.76875 0.1234375 0.053125 0.071875