1 0.4625 0.1734375 0.078125 0.0703125
3 0.41171875 0.3234375 0.078125 0.053125
0 0.40546875 0.38828125 0.0875 0.059375
2 0.4984375 0.3453125 0.075 0.0578125
3 0.56484375 0.34375 0.05625 0.046875
3 0.62578125 0.31796875 0.071875 0.05625
0 0.72890625 0.3625 0.065625 0.053125
0 0.6859375 0.39453125 0.0703125 0.046875
3 0.7203125 0.446875 0.0875 0.065625
1 0.58359375 0.590625 0.0765625 0.0578125
2 0.75 0.62265625 0.075 0.05
0 0.70625 0.68828125 0.06875 0.05
2 0.58828125 0.79453125 0.0765625 0.0609375
2 0.45546875 0.82265625 0.08125 0.075
1 0.33046875 0.746875 0.071875 0.05625
1 0.059375 0.7046875 0.06875 0.05