1 0.5484375 0.80625 0.078125 0.0703125
3 0.5984375 0.65546875 0.078125 0.053125
0 0.6046875 0.590625 0.0875 0.059375
2 0.5125 0.63359375 0.075 0.0578125
3 0.44609375 0.63515625 0.05625 0.046875
3 0.384375 0.6609375 0.071875 0.05625
0 0.28125 0.61640625 0.065625 0.053125
0 0.32421875 0.58515625 0.0703125 0.046875
3 0.28984375 0.53203125 0.0875 0.065625
1 0.4265625 0.38828125 0.0765625 0.0578125
2 0.26015625 0.35703125 0.075 0.05
0 0.30390625 0.29140625 0.06875 0.05
2 0.421875 0.184375 0.0765625 0.0609375
2 0.5546875 0.15625 0.08125 0.075
1 0.6796875 0.2328125 0.071875 0.05625
1 0.95078125 0.27421875 0.06875 0.05