0 0.55625 0.73984375 0.040625 0.075
3 0.5265625 0.6078125 0.046875 0.0625
3 0.53125 0.4890625 0.0375 0.05625
0 0.55078125 0.3875 0.040625 0.0515625
3 0.53984375 0.25 0.046875 0.0609375
2 0.55390625 0.184375 0.04375 0.053125
1 0.34140625 0.17265625 0.040625 0.05625
3 0.31328125 0.27421875 0.046875 0.0609375
2 0.3109375 0.5578125 0.0625 0.0640625
1 0.309375 0.490625 0.04375 0.0625
1 0.32421875 0.3359375 0.05 0.0515625
0 0.3234375 0.38203125 0.053125 0.05625
0 0.3046875 0.65859375 0.04375 0.05625
2 0.30390625 0.71640625 0.040625 0.0625
2 0.32421875 0.81328125 0.0515625 0.059375
1 0.33671875 0.85546875 0.04375 0.0609375