0 0.1765625 0.55078125 0.0796875 0.0421875
3 0.31640625 0.51953125 0.065625 0.05
3 0.44375 0.52421875 0.059375 0.040625
0 0.5515625 0.5453125 0.05625 0.0421875
3 0.6984375 0.53359375 0.065625 0.05
2 0.76875 0.54765625 0.05625 0.046875
1 0.78046875 0.321875 0.0609375 0.0421875
3 0.67265625 0.29140625 0.065625 0.05
2 0.3703125 0.2890625 0.06875 0.065625
1 0.4421875 0.2875 0.065625 0.046875
1 0.60703125 0.303125 0.05625 0.053125
0 0.55703125 0.30234375 0.0609375 0.05625
0 0.26328125 0.28203125 0.059375 0.046875
2 0.20078125 0.28125 0.065625 0.04375
2 0.09765625 0.303125 0.0625 0.05625
1 0.05234375 0.31640625 0.065625 0.046875