0 0.56484375 0.25 0.04375 0.08125
3 0.5328125 0.39375 0.05 0.06875
3 0.5375 0.5234375 0.040625 0.059375
0 0.559375 0.63359375 0.04375 0.05625
3 0.546875 0.78359375 0.05 0.065625
2 0.5625 0.85546875 0.046875 0.059375
1 0.33125 0.86796875 0.04375 0.0625
3 0.3 0.7578125 0.05 0.065625
2 0.296875 0.4484375 0.06875 0.06875
1 0.29609375 0.521875 0.046875 0.06875
1 0.3125 0.690625 0.0546875 0.05625
0 0.3109375 0.63984375 0.059375 0.0625
0 0.290625 0.3390625 0.046875 0.059375
2 0.28984375 0.27578125 0.0453125 0.06875
2 0.3125 0.16953125 0.05625 0.0640625
1 0.32578125 0.1234375 0.046875 0.065625